{
 "cells": [
  {
   "cell_type": "code",
   "execution_count": 59,
   "metadata": {},
   "outputs": [
    {
     "name": "stdout",
     "output_type": "stream",
     "text": [
      "The autoreload extension is already loaded. To reload it, use:\n",
      "  %reload_ext autoreload\n"
     ]
    }
   ],
   "source": [
    "%load_ext autoreload\n",
    "%autoreload 2"
   ]
  },
  {
   "cell_type": "code",
   "execution_count": 83,
   "metadata": {},
   "outputs": [],
   "source": [
    "from pydrake.all import (\n",
    "    ModelVisualizer,\n",
    "    StartMeshcat,\n",
    "    Simulator,\n",
    "    DiagramBuilder,\n",
    "    ConstantValueSource,\n",
    "    ConstantVectorSource,\n",
    "    AbstractValue,\n",
    "    RigidTransform,\n",
    "    RotationMatrix\n",
    ")\n",
    "\n",
    "from manipulation import running_as_notebook\n",
    "from manipulation.station import MakeHardwareStation, load_scenario\n",
    "import matplotlib.pyplot as plt\n",
    "import numpy as np\n",
    "\n",
    "import sponana.utils\n",
    "from sponana.perception import (\n",
    "    BananaSpotter,\n",
    "    add_camera_pose_extractor,\n",
    "    add_body_pose_extractor,\n",
    ")\n",
    "from sponana.controller import SpotController, solve_ik\n",
    "from sponana.debug_logger import DebugLogger\n",
    "from sponana.planner import Navigator\n",
    "from sponana.grasping.grasp_system import Grasper"
   ]
  },
  {
   "cell_type": "code",
   "execution_count": 84,
   "metadata": {},
   "outputs": [
    {
     "name": "stderr",
     "output_type": "stream",
     "text": [
      "INFO:drake:Meshcat listening for connections at http://localhost:7006\n"
     ]
    }
   ],
   "source": [
    "# Start the visualizer.\n",
    "meshcat = StartMeshcat()"
   ]
  },
  {
   "cell_type": "code",
   "execution_count": 117,
   "metadata": {},
   "outputs": [],
   "source": [
    "BODY_NAME = \"base_link_sugar\"\n",
    "TARGET_OBJECT_PATH = \"package://sponana/grasping/004_sugar_box.sdf\"\n",
    "TARGET_OBJ_RPY_STR = \"[0., 90., 0.]\"\n",
    "\n",
    "# # Switch to these to try with the banana (currently not quite working).\n",
    "# BODY_NAME = \"banana\"\n",
    "# TARGET_OBJECT_PATH = \"package://sponana/banana/banana.sdf\"\n",
    "# TARGET_OBJ_RPY_STR = \"[0., 0., 0.]\""
   ]
  },
  {
   "cell_type": "code",
   "execution_count": 118,
   "metadata": {},
   "outputs": [],
   "source": [
    "def create_scene(banana_pose, desired_base_position, scenario_data: str, debug: bool = True):\n",
    "    # Clean up the Meshcat instance.\n",
    "    meshcat.Delete()\n",
    "    meshcat.DeleteAddedControls()\n",
    "\n",
    "    builder = DiagramBuilder()\n",
    "    scenario = load_scenario(data=scenario_data)\n",
    "    station = builder.AddSystem(\n",
    "        sponana.utils.MakeSponanaHardwareStation(\n",
    "            scenario, meshcat\n",
    "        )\n",
    "    )\n",
    "    ts = station.GetSubsystemByName(\"plant\").time_step()\n",
    "    print(f\"Time step: { ts } \")\n",
    "\n",
    "    spot_plant = station.GetSubsystemByName(\n",
    "        \"spot.controller\"\n",
    "    ).get_multibody_plant_for_control()\n",
    "    spot_controller = builder.AddSystem(\n",
    "        SpotController(spot_plant, meshcat=meshcat, use_teleop=False)\n",
    "    )\n",
    "    builder.Connect(\n",
    "        spot_controller.get_output_port(),\n",
    "        station.GetInputPort(\"spot.desired_state\"),\n",
    "    )\n",
    "\n",
    "    # Grasper\n",
    "    grasper = builder.AddNamedSystem(\"grasper\", Grasper(target_obj_path=TARGET_OBJECT_PATH, target_obj_link=BODY_NAME, target_obj_rpy_str=TARGET_OBJ_RPY_STR, meshcat=meshcat))\n",
    "    builder.Connect(\n",
    "        grasper.GetOutputPort(\"arm_position\"),\n",
    "        spot_controller.GetInputPort(\"desired_arm_position\")\n",
    "    )\n",
    "    builder.Connect(\n",
    "        station.GetOutputPort(\"spot.state_estimated\"),\n",
    "        grasper.GetInputPort(\"spot_state\")\n",
    "    )\n",
    "    banana_pose_source = builder.AddNamedSystem(\"banana_pose_source\", ConstantValueSource(AbstractValue.Make(banana_pose)))\n",
    "    builder.Connect(\n",
    "        banana_pose_source.get_output_port(),\n",
    "        grasper.GetInputPort(\"banana_pose\")\n",
    "    )\n",
    "    time_zero_source = builder.AddNamedSystem(\"time_zero_source\", ConstantVectorSource(np.array([1.0])))\n",
    "    builder.Connect(\n",
    "        time_zero_source.get_output_port(),\n",
    "        grasper.GetInputPort(\"reset_time\")\n",
    "    )\n",
    "\n",
    "    base_position_source = builder.AddNamedSystem(\"base_position_source\", ConstantVectorSource(desired_base_position))\n",
    "    builder.Connect(\n",
    "        base_position_source.get_output_port(),\n",
    "        spot_controller.GetInputPort(\"desired_base_position\"),\n",
    "    )\n",
    "\n",
    "    # Get camera poses\n",
    "    spot_camera_config = scenario.cameras[\"spot_camera\"]\n",
    "    camera_pose_extractor = add_camera_pose_extractor(\n",
    "        spot_camera_config, station, builder\n",
    "    )\n",
    "\n",
    "    # Camera to Perception\n",
    "    spot_camera = station.GetSubsystemByName(\"rgbd_sensor_spot_camera\")\n",
    "    banana_spotter = builder.AddSystem(BananaSpotter(spot_camera))\n",
    "    banana_spotter.set_name(\"banana_spotter\")\n",
    "    builder.Connect(\n",
    "        station.GetOutputPort(\"spot_camera.rgb_image\"),\n",
    "        banana_spotter.get_color_image_input_port(),\n",
    "    )\n",
    "    builder.Connect(\n",
    "        station.GetOutputPort(\"spot_camera.depth_image\"),\n",
    "        banana_spotter.get_depth_image_input_port(),\n",
    "    )\n",
    "\n",
    "    # Banana pose (for debugging)\n",
    "    banana_pose_extractor = add_body_pose_extractor(\n",
    "        \"banana\", BODY_NAME, station, builder\n",
    "    )\n",
    "    # builder.Connect(\n",
    "    #     banana_pose_extractor.get_output_port(),\n",
    "    #     spot_controller.GetInputPort(\"desired_gripper_pose\"),\n",
    "    # )\n",
    "\n",
    "    if debug:\n",
    "        # Connect debugger\n",
    "        debugger = builder.AddNamedSystem(\n",
    "            \"debug_logger\", DebugLogger(spot_camera, meshcat)\n",
    "        )\n",
    "        builder.Connect(\n",
    "            station.GetOutputPort(\"spot_camera.rgb_image\"),\n",
    "            debugger.get_color_image_input_port(),\n",
    "        )\n",
    "        builder.Connect(\n",
    "            station.GetOutputPort(\"spot_camera.depth_image\"),\n",
    "            debugger.get_depth_image_input_port(),\n",
    "        )\n",
    "        builder.Connect(\n",
    "            camera_pose_extractor.get_output_port(),\n",
    "            debugger.get_camera_pose_input_port(),\n",
    "        )\n",
    "        builder.Connect(\n",
    "            station.GetOutputPort(\"spot.state_estimated\"),\n",
    "            debugger.get_spot_state_input_port(),\n",
    "        )\n",
    "        builder.Connect(\n",
    "            banana_pose_extractor.get_output_port(),\n",
    "            debugger.get_banana_pose_input_port(),\n",
    "        )\n",
    "\n",
    "    diagram = builder.Build()\n",
    "    diagram.set_name(\"everything\")  # the outmost diagram\n",
    "    return diagram"
   ]
  },
  {
   "cell_type": "code",
   "execution_count": 119,
   "metadata": {},
   "outputs": [],
   "source": [
    "# - add_model:\n",
    "#     name: banana\n",
    "#     file: package://sponana/banana/banana.sdf\n",
    "#     default_free_body_pose:\n",
    "#         banana:\n",
    "#             # move it in front of Spot \n",
    "#             translation: [1.45, 0, 0.45]\n",
    "\n",
    "# - add_model:\n",
    "#     name: banana\n",
    "#     file: package://manipulation/hydro/004_sugar_box.sdf\n",
    "#     default_free_body_pose:\n",
    "#         base_link_sugar:\n",
    "#             # move it in front of Spot \n",
    "#             translation: [1.45, 0, 0.45]\n",
    "\n",
    "scenario_data = \"\"\"\n",
    "cameras:\n",
    "    spot_camera:\n",
    "        name: spot_camera\n",
    "        depth: True\n",
    "        X_PB:\n",
    "            translation: [0, 0.05, 0]\n",
    "            base_frame: spot_camera::base\n",
    "            rotation: !Rpy { deg: [-90, 0, 0] }\n",
    "\n",
    "directives:\n",
    "- add_model:\n",
    "    name: spot\n",
    "    file: package://sponana/grasping/spot.urdf\n",
    "    default_joint_positions:\n",
    "        # fold the arm\n",
    "        arm_sh1: [-3.1]\n",
    "        arm_el0: [3.1]\n",
    "    \n",
    "- add_model:\n",
    "    name: banana\n",
    "    file: \"\"\" + TARGET_OBJECT_PATH + \"\"\"\n",
    "    default_free_body_pose:\n",
    "        \"\"\" + BODY_NAME + \"\"\":\n",
    "            # move it in front of Spot \n",
    "            translation: [1.45, 0, 0.45]\n",
    "            rotation: !Rpy { deg: \"\"\" + TARGET_OBJ_RPY_STR + \"\"\" }\n",
    "\n",
    "- add_model:\n",
    "    name: floor\n",
    "    file: package://sponana/platform.sdf\n",
    "\n",
    "- add_weld:\n",
    "    parent: world\n",
    "    child: floor::platform_center\n",
    "\n",
    "- add_model:\n",
    "    name: spot_camera\n",
    "    file: package://manipulation/camera_box.sdf\n",
    "\n",
    "- add_weld:\n",
    "    parent: spot::body\n",
    "    child: spot_camera::base\n",
    "    X_PC:\n",
    "        translation: [0.4, 0, 0]\n",
    "        rotation: !Rpy { deg: [-30, 0, -90] }\n",
    "\n",
    "model_drivers:\n",
    "    spot: !InverseDynamicsDriver {}\n",
    "\"\"\""
   ]
  },
  {
   "cell_type": "code",
   "execution_count": 120,
   "metadata": {},
   "outputs": [
    {
     "name": "stderr",
     "output_type": "stream",
     "text": [
      "WARNING:drake:/Users/georgematheos/Developer/classes/2023/manipulation/sponana/src/sponana/models/grasping/spot.urdf:20: warning: Rigid geometries defined with the tag drake:rigid_hydroelastic should not contain the tag drake:hydroelastic_modulus. The specified value (100000000.0) will be ignored.\n",
      "WARNING:drake:/Users/georgematheos/Developer/classes/2023/manipulation/sponana/src/sponana/models/grasping/spot.urdf:112: warning: Rigid geometries defined with the tag drake:rigid_hydroelastic should not contain the tag drake:hydroelastic_modulus. The specified value (100000000.0) will be ignored.\n",
      "WARNING:drake:/Users/georgematheos/Developer/classes/2023/manipulation/sponana/src/sponana/models/grasping/spot.urdf:140: warning: Rigid geometries defined with the tag drake:rigid_hydroelastic should not contain the tag drake:hydroelastic_modulus. The specified value (100000000.0) will be ignored.\n",
      "WARNING:drake:/Users/georgematheos/Developer/classes/2023/manipulation/sponana/src/sponana/models/grasping/spot.urdf:197: warning: Rigid geometries defined with the tag drake:rigid_hydroelastic should not contain the tag drake:hydroelastic_modulus. The specified value (100000000.0) will be ignored.\n",
      "WARNING:drake:/Users/georgematheos/Developer/classes/2023/manipulation/sponana/src/sponana/models/grasping/spot.urdf:225: warning: Rigid geometries defined with the tag drake:rigid_hydroelastic should not contain the tag drake:hydroelastic_modulus. The specified value (100000000.0) will be ignored.\n",
      "WARNING:drake:/Users/georgematheos/Developer/classes/2023/manipulation/sponana/src/sponana/models/grasping/spot.urdf:282: warning: Rigid geometries defined with the tag drake:rigid_hydroelastic should not contain the tag drake:hydroelastic_modulus. The specified value (100000000.0) will be ignored.\n",
      "WARNING:drake:/Users/georgematheos/Developer/classes/2023/manipulation/sponana/src/sponana/models/grasping/spot.urdf:310: warning: Rigid geometries defined with the tag drake:rigid_hydroelastic should not contain the tag drake:hydroelastic_modulus. The specified value (100000000.0) will be ignored.\n",
      "WARNING:drake:/Users/georgematheos/Developer/classes/2023/manipulation/sponana/src/sponana/models/grasping/spot.urdf:367: warning: Rigid geometries defined with the tag drake:rigid_hydroelastic should not contain the tag drake:hydroelastic_modulus. The specified value (100000000.0) will be ignored.\n",
      "WARNING:drake:/Users/georgematheos/Developer/classes/2023/manipulation/sponana/src/sponana/models/grasping/spot.urdf:395: warning: Rigid geometries defined with the tag drake:rigid_hydroelastic should not contain the tag drake:hydroelastic_modulus. The specified value (100000000.0) will be ignored.\n",
      "WARNING:drake:/Users/georgematheos/Developer/classes/2023/manipulation/sponana/src/sponana/models/grasping/spot.urdf:441: warning: Rigid geometries defined with the tag drake:rigid_hydroelastic should not contain the tag drake:hydroelastic_modulus. The specified value (100000000.0) will be ignored.\n",
      "WARNING:drake:/Users/georgematheos/Developer/classes/2023/manipulation/sponana/src/sponana/models/grasping/spot.urdf:450: warning: Rigid geometries defined with the tag drake:rigid_hydroelastic should not contain the tag drake:hydroelastic_modulus. The specified value (100000000.0) will be ignored.\n",
      "WARNING:drake:/Users/georgematheos/Developer/classes/2023/manipulation/sponana/src/sponana/models/grasping/spot.urdf:459: warning: Rigid geometries defined with the tag drake:rigid_hydroelastic should not contain the tag drake:hydroelastic_modulus. The specified value (100000000.0) will be ignored.\n",
      "WARNING:drake:/Users/georgematheos/Developer/classes/2023/manipulation/sponana/src/sponana/models/grasping/spot.urdf:516: warning: Rigid geometries defined with the tag drake:rigid_hydroelastic should not contain the tag drake:hydroelastic_modulus. The specified value (100000000.0) will be ignored.\n",
      "WARNING:drake:/Users/georgematheos/Developer/classes/2023/manipulation/sponana/src/sponana/models/grasping/spot.urdf:548: warning: Rigid geometries defined with the tag drake:rigid_hydroelastic should not contain the tag drake:hydroelastic_modulus. The specified value (100000000.0) will be ignored.\n",
      "WARNING:drake:/Users/georgematheos/Developer/classes/2023/manipulation/sponana/src/sponana/models/grasping/spot.urdf:580: warning: Rigid geometries defined with the tag drake:rigid_hydroelastic should not contain the tag drake:hydroelastic_modulus. The specified value (100000000.0) will be ignored.\n",
      "WARNING:drake:/Users/georgematheos/Developer/classes/2023/manipulation/sponana/src/sponana/models/grasping/spot.urdf:589: warning: Rigid geometries defined with the tag drake:rigid_hydroelastic should not contain the tag drake:hydroelastic_modulus. The specified value (100000000.0) will be ignored.\n",
      "WARNING:drake:/Users/georgematheos/Developer/classes/2023/manipulation/sponana/src/sponana/models/grasping/spot.urdf:621: warning: Rigid geometries defined with the tag drake:rigid_hydroelastic should not contain the tag drake:hydroelastic_modulus. The specified value (100000000.0) will be ignored.\n",
      "WARNING:drake:/Users/georgematheos/Developer/classes/2023/manipulation/sponana/src/sponana/models/grasping/spot.urdf:662: warning: Rigid geometries defined with the tag drake:rigid_hydroelastic should not contain the tag drake:hydroelastic_modulus. The specified value (100000000.0) will be ignored.\n",
      "WARNING:drake:/Users/georgematheos/Developer/classes/2023/manipulation/sponana/src/sponana/models/grasping/spot.urdf:671: warning: Rigid geometries defined with the tag drake:rigid_hydroelastic should not contain the tag drake:hydroelastic_modulus. The specified value (100000000.0) will be ignored.\n",
      "WARNING:drake:/Users/georgematheos/Developer/classes/2023/manipulation/sponana/src/sponana/models/grasping/spot.urdf:680: warning: Rigid geometries defined with the tag drake:rigid_hydroelastic should not contain the tag drake:hydroelastic_modulus. The specified value (100000000.0) will be ignored.\n",
      "WARNING:drake:/Users/georgematheos/Developer/classes/2023/manipulation/sponana/src/sponana/models/grasping/spot.urdf:689: warning: Rigid geometries defined with the tag drake:rigid_hydroelastic should not contain the tag drake:hydroelastic_modulus. The specified value (100000000.0) will be ignored.\n",
      "WARNING:drake:/Users/georgematheos/Developer/classes/2023/manipulation/sponana/src/sponana/models/grasping/spot.urdf:730: warning: Rigid geometries defined with the tag drake:rigid_hydroelastic should not contain the tag drake:hydroelastic_modulus. The specified value (100000000.0) will be ignored.\n",
      "WARNING:drake:/Users/georgematheos/Developer/classes/2023/manipulation/sponana/src/sponana/models/grasping/spot.urdf:739: warning: Rigid geometries defined with the tag drake:rigid_hydroelastic should not contain the tag drake:hydroelastic_modulus. The specified value (100000000.0) will be ignored.\n",
      "WARNING:drake:/Users/georgematheos/Developer/classes/2023/manipulation/sponana/src/sponana/models/grasping/spot.urdf:748: warning: Rigid geometries defined with the tag drake:rigid_hydroelastic should not contain the tag drake:hydroelastic_modulus. The specified value (100000000.0) will be ignored.\n",
      "WARNING:drake:/Users/georgematheos/Developer/classes/2023/manipulation/sponana/src/sponana/models/grasping/spot.urdf:757: warning: Rigid geometries defined with the tag drake:rigid_hydroelastic should not contain the tag drake:hydroelastic_modulus. The specified value (100000000.0) will be ignored.\n",
      "WARNING:drake:/Users/georgematheos/Developer/classes/2023/manipulation/sponana/src/sponana/models/grasping/spot.urdf:766: warning: Rigid geometries defined with the tag drake:rigid_hydroelastic should not contain the tag drake:hydroelastic_modulus. The specified value (100000000.0) will be ignored.\n"
     ]
    },
    {
     "name": "stderr",
     "output_type": "stream",
     "text": [
      "WARNING:drake:/Users/georgematheos/Developer/classes/2023/manipulation/sponana/src/sponana/models/grasping/spot.urdf:775: warning: Rigid geometries defined with the tag drake:rigid_hydroelastic should not contain the tag drake:hydroelastic_modulus. The specified value (100000000.0) will be ignored.\n",
      "WARNING:drake:Ignoring Meshcat http request for /spot_mat.png\n",
      "WARNING:drake:Ignoring Meshcat http request for /spot_mat.png\n"
     ]
    },
    {
     "name": "stdout",
     "output_type": "stream",
     "text": [
      "Time step: 0.001 \n",
      "Press Space to log system info\n",
      "Re-initializing\n",
      "sampling grasps...\n",
      "pointcloud transform: RigidTransform(\n",
      "  R=RotationMatrix([\n",
      "    [0.9999107308839879, 0.009389862951888045, 0.009505826465590237],\n",
      "    [-0.008962400073846544, 0.9989889507438625, -0.0440539632336637],\n",
      "    [-0.009909876284064848, 0.04396483555549183, 0.9989839275917372],\n",
      "  ]),\n",
      "  p=[1.4498836082822446, -0.0005091282959336326, 0.011183177445165213],\n",
      ")\n"
     ]
    },
    {
     "name": "stderr",
     "output_type": "stream",
     "text": [
      "WARNING:drake:/Users/georgematheos/Developer/classes/2023/manipulation/sponana/src/sponana/models/grasping/spot.urdf:20: warning: Rigid geometries defined with the tag drake:rigid_hydroelastic should not contain the tag drake:hydroelastic_modulus. The specified value (100000000.0) will be ignored.\n",
      "WARNING:drake:/Users/georgematheos/Developer/classes/2023/manipulation/sponana/src/sponana/models/grasping/spot.urdf:112: warning: Rigid geometries defined with the tag drake:rigid_hydroelastic should not contain the tag drake:hydroelastic_modulus. The specified value (100000000.0) will be ignored.\n",
      "WARNING:drake:/Users/georgematheos/Developer/classes/2023/manipulation/sponana/src/sponana/models/grasping/spot.urdf:140: warning: Rigid geometries defined with the tag drake:rigid_hydroelastic should not contain the tag drake:hydroelastic_modulus. The specified value (100000000.0) will be ignored.\n",
      "WARNING:drake:/Users/georgematheos/Developer/classes/2023/manipulation/sponana/src/sponana/models/grasping/spot.urdf:197: warning: Rigid geometries defined with the tag drake:rigid_hydroelastic should not contain the tag drake:hydroelastic_modulus. The specified value (100000000.0) will be ignored.\n",
      "WARNING:drake:/Users/georgematheos/Developer/classes/2023/manipulation/sponana/src/sponana/models/grasping/spot.urdf:225: warning: Rigid geometries defined with the tag drake:rigid_hydroelastic should not contain the tag drake:hydroelastic_modulus. The specified value (100000000.0) will be ignored.\n",
      "WARNING:drake:/Users/georgematheos/Developer/classes/2023/manipulation/sponana/src/sponana/models/grasping/spot.urdf:282: warning: Rigid geometries defined with the tag drake:rigid_hydroelastic should not contain the tag drake:hydroelastic_modulus. The specified value (100000000.0) will be ignored.\n",
      "WARNING:drake:/Users/georgematheos/Developer/classes/2023/manipulation/sponana/src/sponana/models/grasping/spot.urdf:310: warning: Rigid geometries defined with the tag drake:rigid_hydroelastic should not contain the tag drake:hydroelastic_modulus. The specified value (100000000.0) will be ignored.\n",
      "WARNING:drake:/Users/georgematheos/Developer/classes/2023/manipulation/sponana/src/sponana/models/grasping/spot.urdf:367: warning: Rigid geometries defined with the tag drake:rigid_hydroelastic should not contain the tag drake:hydroelastic_modulus. The specified value (100000000.0) will be ignored.\n",
      "WARNING:drake:/Users/georgematheos/Developer/classes/2023/manipulation/sponana/src/sponana/models/grasping/spot.urdf:395: warning: Rigid geometries defined with the tag drake:rigid_hydroelastic should not contain the tag drake:hydroelastic_modulus. The specified value (100000000.0) will be ignored.\n",
      "WARNING:drake:/Users/georgematheos/Developer/classes/2023/manipulation/sponana/src/sponana/models/grasping/spot.urdf:441: warning: Rigid geometries defined with the tag drake:rigid_hydroelastic should not contain the tag drake:hydroelastic_modulus. The specified value (100000000.0) will be ignored.\n",
      "WARNING:drake:/Users/georgematheos/Developer/classes/2023/manipulation/sponana/src/sponana/models/grasping/spot.urdf:450: warning: Rigid geometries defined with the tag drake:rigid_hydroelastic should not contain the tag drake:hydroelastic_modulus. The specified value (100000000.0) will be ignored.\n",
      "WARNING:drake:/Users/georgematheos/Developer/classes/2023/manipulation/sponana/src/sponana/models/grasping/spot.urdf:459: warning: Rigid geometries defined with the tag drake:rigid_hydroelastic should not contain the tag drake:hydroelastic_modulus. The specified value (100000000.0) will be ignored.\n",
      "WARNING:drake:/Users/georgematheos/Developer/classes/2023/manipulation/sponana/src/sponana/models/grasping/spot.urdf:516: warning: Rigid geometries defined with the tag drake:rigid_hydroelastic should not contain the tag drake:hydroelastic_modulus. The specified value (100000000.0) will be ignored.\n",
      "WARNING:drake:/Users/georgematheos/Developer/classes/2023/manipulation/sponana/src/sponana/models/grasping/spot.urdf:548: warning: Rigid geometries defined with the tag drake:rigid_hydroelastic should not contain the tag drake:hydroelastic_modulus. The specified value (100000000.0) will be ignored.\n",
      "WARNING:drake:/Users/georgematheos/Developer/classes/2023/manipulation/sponana/src/sponana/models/grasping/spot.urdf:580: warning: Rigid geometries defined with the tag drake:rigid_hydroelastic should not contain the tag drake:hydroelastic_modulus. The specified value (100000000.0) will be ignored.\n",
      "WARNING:drake:/Users/georgematheos/Developer/classes/2023/manipulation/sponana/src/sponana/models/grasping/spot.urdf:589: warning: Rigid geometries defined with the tag drake:rigid_hydroelastic should not contain the tag drake:hydroelastic_modulus. The specified value (100000000.0) will be ignored.\n",
      "WARNING:drake:/Users/georgematheos/Developer/classes/2023/manipulation/sponana/src/sponana/models/grasping/spot.urdf:621: warning: Rigid geometries defined with the tag drake:rigid_hydroelastic should not contain the tag drake:hydroelastic_modulus. The specified value (100000000.0) will be ignored.\n",
      "WARNING:drake:/Users/georgematheos/Developer/classes/2023/manipulation/sponana/src/sponana/models/grasping/spot.urdf:662: warning: Rigid geometries defined with the tag drake:rigid_hydroelastic should not contain the tag drake:hydroelastic_modulus. The specified value (100000000.0) will be ignored.\n",
      "WARNING:drake:/Users/georgematheos/Developer/classes/2023/manipulation/sponana/src/sponana/models/grasping/spot.urdf:671: warning: Rigid geometries defined with the tag drake:rigid_hydroelastic should not contain the tag drake:hydroelastic_modulus. The specified value (100000000.0) will be ignored.\n",
      "WARNING:drake:/Users/georgematheos/Developer/classes/2023/manipulation/sponana/src/sponana/models/grasping/spot.urdf:680: warning: Rigid geometries defined with the tag drake:rigid_hydroelastic should not contain the tag drake:hydroelastic_modulus. The specified value (100000000.0) will be ignored.\n",
      "WARNING:drake:/Users/georgematheos/Developer/classes/2023/manipulation/sponana/src/sponana/models/grasping/spot.urdf:689: warning: Rigid geometries defined with the tag drake:rigid_hydroelastic should not contain the tag drake:hydroelastic_modulus. The specified value (100000000.0) will be ignored.\n",
      "WARNING:drake:/Users/georgematheos/Developer/classes/2023/manipulation/sponana/src/sponana/models/grasping/spot.urdf:730: warning: Rigid geometries defined with the tag drake:rigid_hydroelastic should not contain the tag drake:hydroelastic_modulus. The specified value (100000000.0) will be ignored.\n",
      "WARNING:drake:/Users/georgematheos/Developer/classes/2023/manipulation/sponana/src/sponana/models/grasping/spot.urdf:739: warning: Rigid geometries defined with the tag drake:rigid_hydroelastic should not contain the tag drake:hydroelastic_modulus. The specified value (100000000.0) will be ignored.\n",
      "WARNING:drake:/Users/georgematheos/Developer/classes/2023/manipulation/sponana/src/sponana/models/grasping/spot.urdf:748: warning: Rigid geometries defined with the tag drake:rigid_hydroelastic should not contain the tag drake:hydroelastic_modulus. The specified value (100000000.0) will be ignored.\n",
      "WARNING:drake:/Users/georgematheos/Developer/classes/2023/manipulation/sponana/src/sponana/models/grasping/spot.urdf:757: warning: Rigid geometries defined with the tag drake:rigid_hydroelastic should not contain the tag drake:hydroelastic_modulus. The specified value (100000000.0) will be ignored.\n",
      "WARNING:drake:/Users/georgematheos/Developer/classes/2023/manipulation/sponana/src/sponana/models/grasping/spot.urdf:766: warning: Rigid geometries defined with the tag drake:rigid_hydroelastic should not contain the tag drake:hydroelastic_modulus. The specified value (100000000.0) will be ignored.\n",
      "WARNING:drake:/Users/georgematheos/Developer/classes/2023/manipulation/sponana/src/sponana/models/grasping/spot.urdf:775: warning: Rigid geometries defined with the tag drake:rigid_hydroelastic should not contain the tag drake:hydroelastic_modulus. The specified value (100000000.0) will be ignored.\n"
     ]
    },
    {
     "name": "stdout",
     "output_type": "stream",
     "text": [
      "-0.03434161457670809\n",
      "[ 1.    0.    3.14  0.   -3.1   3.1   0.    0.    0.    0.  ]\n",
      "[ 8.01143384e-01  1.00482488e-05 -1.22084994e-01 -9.85309524e-07\n",
      " -3.10000582e+00  3.09999834e+00  6.67398015e-06  1.51986620e-05\n",
      " -9.54173920e-06  2.78312873e-15]\n",
      "{'initial': RigidTransform(\n",
      "  R=RotationMatrix([\n",
      "    [0.0007014321221831691, 0.9925565149447555, 0.12178289138339451],\n",
      "    [-0.0008854719367543422, -0.12178225712417345, 0.9925564456438691],\n",
      "    [0.9999993619660102, -0.0008040463067513555, 0.0007934589525674079],\n",
      "  ]),\n",
      "  p=[1.234982125916755, -0.05321996780645226, 0.7970117783929397],\n",
      "), 'post_init': RigidTransform(\n",
      "  R=RotationMatrix([\n",
      "    [0.0007014321221831691, 0.9925565149447555, 0.12178289138339451],\n",
      "    [-0.0008854719367543422, -0.12178225712417345, 0.9925564456438691],\n",
      "    [0.9999993619660102, -0.0008040463067513555, 0.0007934589525674079],\n",
      "  ]),\n",
      "  p=[1.3585943556879094, 0.13311309560990425, 0.7970900655527781],\n",
      "), 'prepick': RigidTransform(\n",
      "  R=RotationMatrix([\n",
      "    [0.9798547476461137, -0.1994375514283175, 0.010456414091273666],\n",
      "    [-0.006273921236584434, 0.02159191674859013, 0.9997471815631387],\n",
      "    [-0.1996129039608615, -0.9796726250188883, 0.019905686647607154],\n",
      "  ]),\n",
      "  p=[1.5238248993216026, -0.037943535314436595, 0.41804100263301014],\n",
      "), 'pick': RigidTransform(\n",
      "  R=RotationMatrix([\n",
      "    [0.9798547476461137, -0.1994375514283175, 0.010456414091273666],\n",
      "    [-0.006273921236584434, 0.02159191674859013, 0.9997471815631387],\n",
      "    [-0.1996129039608615, -0.9796726250188883, 0.019905686647607154],\n",
      "  ]),\n",
      "  p=[1.4709739481930986, -0.03222167737606021, 0.15842775700300477],\n",
      "), 'postpick': RigidTransform(\n",
      "  R=RotationMatrix([\n",
      "    [0.9798547476461137, -0.1994375514283175, 0.010456414091273666],\n",
      "    [-0.006273921236584434, 0.02159191674859013, 0.9997471815631387],\n",
      "    [-0.1996129039608615, -0.9796726250188883, 0.019905686647607154],\n",
      "  ]),\n",
      "  p=[1.4709739481930986, -0.03222167737606021, 0.15842775700300477],\n",
      "), 'postpick2': RigidTransform(\n",
      "  R=RotationMatrix([\n",
      "    [0.9798547476461137, -0.1994375514283175, 0.010456414091273666],\n",
      "    [-0.006273921236584434, 0.02159191674859013, 0.9997471815631387],\n",
      "    [-0.1996129039608615, -0.9796726250188883, 0.019905686647607154],\n",
      "  ]),\n",
      "  p=[1.5537405320358504, -0.04118232282672511, 0.5649918963858434],\n",
      ")}\n",
      "{'initial': 0.0, 'post_init': 1.0, 'prepick': 3.0, 'pick': 4.0, 'postpick': 6.0, 'postpick2': 8.0}\n",
      "X_WGnow =  RigidTransform(\n",
      "  R=RotationMatrix([\n",
      "    [0.9798547476461137, -0.19943755142831748, 0.01045641409127368],\n",
      "    [-0.006273921236584476, 0.02159191674858991, 0.9997471815631387],\n",
      "    [-0.19961290396086148, -0.9796726250188883, 0.019905686647606932],\n",
      "  ]),\n",
      "  p=[1.4709739481930986, -0.03222167737606021, 0.15842775700300477],\n",
      ")\n",
      "X_WG at pick time =  RigidTransform(\n",
      "  R=RotationMatrix([\n",
      "    [0.9798547476461137, -0.19943755142831748, 0.01045641409127368],\n",
      "    [-0.006273921236584476, 0.02159191674858991, 0.9997471815631387],\n",
      "    [-0.19961290396086148, -0.9796726250188883, 0.019905686647606932],\n",
      "  ]),\n",
      "  p=[1.4709739481930986, -0.03222167737606021, 0.15842775700300477],\n",
      ")\n",
      "X_WGnow =  RigidTransform(\n",
      "  R=RotationMatrix([\n",
      "    [0.9798547476461137, -0.19943755142831748, 0.01045641409127368],\n",
      "    [-0.006273921236584476, 0.02159191674858991, 0.9997471815631387],\n",
      "    [-0.19961290396086148, -0.9796726250188883, 0.019905686647606932],\n",
      "  ]),\n",
      "  p=[1.4709739481930986, -0.03222167737606021, 0.15842775700300477],\n",
      ")\n",
      "X_WG at pick time =  RigidTransform(\n",
      "  R=RotationMatrix([\n",
      "    [0.9798547476461137, -0.19943755142831748, 0.01045641409127368],\n",
      "    [-0.006273921236584476, 0.02159191674858991, 0.9997471815631387],\n",
      "    [-0.19961290396086148, -0.9796726250188883, 0.019905686647606932],\n",
      "  ]),\n",
      "  p=[1.4709739481930986, -0.03222167737606021, 0.15842775700300477],\n",
      ")\n",
      "X_WGnow =  RigidTransform(\n",
      "  R=RotationMatrix([\n",
      "    [0.9798547476461137, -0.19943755142831748, 0.01045641409127368],\n",
      "    [-0.006273921236584476, 0.02159191674858991, 0.9997471815631387],\n",
      "    [-0.19961290396086148, -0.9796726250188883, 0.019905686647606932],\n",
      "  ]),\n",
      "  p=[1.4709739481930986, -0.03222167737606021, 0.15842775700300477],\n",
      ")\n",
      "X_WG at pick time =  RigidTransform(\n",
      "  R=RotationMatrix([\n",
      "    [0.9798547476461137, -0.19943755142831748, 0.01045641409127368],\n",
      "    [-0.006273921236584476, 0.02159191674858991, 0.9997471815631387],\n",
      "    [-0.19961290396086148, -0.9796726250188883, 0.019905686647606932],\n",
      "  ]),\n",
      "  p=[1.4709739481930986, -0.03222167737606021, 0.15842775700300477],\n",
      ")\n",
      "X_WGnow =  RigidTransform(\n",
      "  R=RotationMatrix([\n",
      "    [0.9798547476461137, -0.19943755142831748, 0.01045641409127368],\n",
      "    [-0.006273921236584476, 0.02159191674858991, 0.9997471815631387],\n",
      "    [-0.19961290396086148, -0.9796726250188883, 0.019905686647606932],\n",
      "  ]),\n",
      "  p=[1.4709739481930986, -0.03222167737606021, 0.15842775700300477],\n",
      ")\n",
      "X_WG at pick time =  RigidTransform(\n",
      "  R=RotationMatrix([\n",
      "    [0.9798547476461137, -0.19943755142831748, 0.01045641409127368],\n",
      "    [-0.006273921236584476, 0.02159191674858991, 0.9997471815631387],\n",
      "    [-0.19961290396086148, -0.9796726250188883, 0.019905686647606932],\n",
      "  ]),\n",
      "  p=[1.4709739481930986, -0.03222167737606021, 0.15842775700300477],\n",
      ")\n",
      "X_WGnow =  RigidTransform(\n",
      "  R=RotationMatrix([\n",
      "    [0.9798547476461137, -0.19943755142831748, 0.01045641409127368],\n",
      "    [-0.006273921236584476, 0.02159191674858991, 0.9997471815631387],\n",
      "    [-0.19961290396086148, -0.9796726250188883, 0.019905686647606932],\n",
      "  ]),\n",
      "  p=[1.4709739481930986, -0.03222167737606021, 0.15842775700300477],\n",
      ")\n",
      "X_WG at pick time =  RigidTransform(\n",
      "  R=RotationMatrix([\n",
      "    [0.9798547476461137, -0.19943755142831748, 0.01045641409127368],\n",
      "    [-0.006273921236584476, 0.02159191674858991, 0.9997471815631387],\n",
      "    [-0.19961290396086148, -0.9796726250188883, 0.019905686647606932],\n",
      "  ]),\n",
      "  p=[1.4709739481930986, -0.03222167737606021, 0.15842775700300477],\n",
      ")\n",
      "X_WGnow =  RigidTransform(\n",
      "  R=RotationMatrix([\n",
      "    [0.9798547476461137, -0.19943755142831748, 0.01045641409127368],\n",
      "    [-0.006273921236584476, 0.02159191674858991, 0.9997471815631387],\n",
      "    [-0.19961290396086148, -0.9796726250188883, 0.019905686647606932],\n",
      "  ]),\n",
      "  p=[1.4709739481930986, -0.03222167737606021, 0.15842775700300477],\n",
      ")\n",
      "X_WG at pick time =  RigidTransform(\n",
      "  R=RotationMatrix([\n",
      "    [0.9798547476461137, -0.19943755142831748, 0.01045641409127368],\n",
      "    [-0.006273921236584476, 0.02159191674858991, 0.9997471815631387],\n",
      "    [-0.19961290396086148, -0.9796726250188883, 0.019905686647606932],\n",
      "  ]),\n",
      "  p=[1.4709739481930986, -0.03222167737606021, 0.15842775700300477],\n",
      ")\n",
      "X_WGnow =  RigidTransform(\n",
      "  R=RotationMatrix([\n",
      "    [0.9798547476461137, -0.19943755142831748, 0.01045641409127368],\n",
      "    [-0.006273921236584476, 0.02159191674858991, 0.9997471815631387],\n",
      "    [-0.19961290396086148, -0.9796726250188883, 0.019905686647606932],\n",
      "  ]),\n",
      "  p=[1.4709739481930986, -0.03222167737606021, 0.15842775700300477],\n",
      ")\n",
      "X_WG at pick time =  RigidTransform(\n",
      "  R=RotationMatrix([\n",
      "    [0.9798547476461137, -0.19943755142831748, 0.01045641409127368],\n",
      "    [-0.006273921236584476, 0.02159191674858991, 0.9997471815631387],\n",
      "    [-0.19961290396086148, -0.9796726250188883, 0.019905686647606932],\n",
      "  ]),\n",
      "  p=[1.4709739481930986, -0.03222167737606021, 0.15842775700300477],\n",
      ")\n",
      "X_WGnow =  RigidTransform(\n",
      "  R=RotationMatrix([\n",
      "    [0.9798547476461137, -0.19943755142831748, 0.01045641409127368],\n",
      "    [-0.006273921236584476, 0.02159191674858991, 0.9997471815631387],\n",
      "    [-0.19961290396086148, -0.9796726250188883, 0.019905686647606932],\n",
      "  ]),\n",
      "  p=[1.4709739481930986, -0.03222167737606021, 0.15842775700300477],\n",
      ")\n",
      "X_WG at pick time =  RigidTransform(\n",
      "  R=RotationMatrix([\n",
      "    [0.9798547476461137, -0.19943755142831748, 0.01045641409127368],\n",
      "    [-0.006273921236584476, 0.02159191674858991, 0.9997471815631387],\n",
      "    [-0.19961290396086148, -0.9796726250188883, 0.019905686647606932],\n",
      "  ]),\n",
      "  p=[1.4709739481930986, -0.03222167737606021, 0.15842775700300477],\n",
      ")\n",
      "X_WGnow =  RigidTransform(\n",
      "  R=RotationMatrix([\n",
      "    [0.9798547476461137, -0.19943755142831748, 0.01045641409127368],\n",
      "    [-0.006273921236584476, 0.02159191674858991, 0.9997471815631387],\n",
      "    [-0.19961290396086148, -0.9796726250188883, 0.019905686647606932],\n",
      "  ]),\n",
      "  p=[1.4709739481930986, -0.03222167737606021, 0.15842775700300477],\n",
      ")\n",
      "X_WG at pick time =  RigidTransform(\n",
      "  R=RotationMatrix([\n",
      "    [0.9798547476461137, -0.19943755142831748, 0.01045641409127368],\n",
      "    [-0.006273921236584476, 0.02159191674858991, 0.9997471815631387],\n",
      "    [-0.19961290396086148, -0.9796726250188883, 0.019905686647606932],\n",
      "  ]),\n",
      "  p=[1.4709739481930986, -0.03222167737606021, 0.15842775700300477],\n",
      ")\n",
      "X_WGnow =  RigidTransform(\n",
      "  R=RotationMatrix([\n",
      "    [0.9798547476461137, -0.19943755142831748, 0.01045641409127368],\n",
      "    [-0.006273921236584476, 0.02159191674858991, 0.9997471815631387],\n",
      "    [-0.19961290396086148, -0.9796726250188883, 0.019905686647606932],\n",
      "  ]),\n",
      "  p=[1.4709739481930986, -0.03222167737606021, 0.15842775700300477],\n",
      ")\n",
      "X_WG at pick time =  RigidTransform(\n",
      "  R=RotationMatrix([\n",
      "    [0.9798547476461137, -0.19943755142831748, 0.01045641409127368],\n",
      "    [-0.006273921236584476, 0.02159191674858991, 0.9997471815631387],\n",
      "    [-0.19961290396086148, -0.9796726250188883, 0.019905686647606932],\n",
      "  ]),\n",
      "  p=[1.4709739481930986, -0.03222167737606021, 0.15842775700300477],\n",
      ")\n",
      "X_WGnow =  RigidTransform(\n",
      "  R=RotationMatrix([\n",
      "    [0.9798547476461137, -0.19943755142831748, 0.01045641409127368],\n",
      "    [-0.006273921236584476, 0.02159191674858991, 0.9997471815631387],\n",
      "    [-0.19961290396086148, -0.9796726250188883, 0.019905686647606932],\n",
      "  ]),\n",
      "  p=[1.4709739481930986, -0.03222167737606021, 0.15842775700300477],\n",
      ")\n",
      "X_WG at pick time =  RigidTransform(\n",
      "  R=RotationMatrix([\n",
      "    [0.9798547476461137, -0.19943755142831748, 0.01045641409127368],\n",
      "    [-0.006273921236584476, 0.02159191674858991, 0.9997471815631387],\n",
      "    [-0.19961290396086148, -0.9796726250188883, 0.019905686647606932],\n",
      "  ]),\n",
