{
 "cells": [
  {
   "cell_type": "code",
   "execution_count": 1,
   "metadata": {},
   "outputs": [],
   "source": [
    "%load_ext autoreload\n",
    "%autoreload 2"
   ]
  },
  {
   "cell_type": "code",
   "execution_count": 2,
   "metadata": {},
   "outputs": [],
   "source": [
    "from pydrake.all import (\n",
    "    ModelVisualizer,\n",
    "    StartMeshcat,\n",
    "    Simulator,\n",
    "    DiagramBuilder,\n",
    "    ConstantValueSource,\n",
    "    ConstantVectorSource,\n",
    "    AbstractValue,\n",
    "    RigidTransform,\n",
    "    RotationMatrix\n",
    ")\n",
    "\n",
    "from manipulation import running_as_notebook\n",
    "from manipulation.station import MakeHardwareStation, load_scenario\n",
    "import matplotlib.pyplot as plt\n",
    "import numpy as np\n",
    "\n",
    "import sponana.utils\n",
    "from sponana.perception import (\n",
    "    BananaSpotter,\n",
    "    add_camera_pose_extractor,\n",
    "    add_body_pose_extractor,\n",
    ")\n",
    "from sponana.controller import SpotController, solve_ik\n",
    "from sponana.debug_logger import DebugLogger\n",
    "from sponana.planner import Navigator\n",
    "from sponana.grasping.grasp_system import Grasper"
   ]
  },
  {
   "cell_type": "code",
   "execution_count": 3,
   "metadata": {},
   "outputs": [
    {
     "name": "stderr",
     "output_type": "stream",
     "text": [
      "INFO:drake:Meshcat listening for connections at http://localhost:7001\n"
     ]
    }
   ],
   "source": [
    "# Start the visualizer.\n",
    "meshcat = StartMeshcat()"
   ]
  },
  {
   "cell_type": "code",
   "execution_count": 4,
   "metadata": {},
   "outputs": [],
   "source": [
    "# BODY_NAME = \"banana\" \n",
    "BODY_NAME = \"base_link_sugar\""
   ]
  },
  {
   "cell_type": "code",
   "execution_count": 5,
   "metadata": {},
   "outputs": [],
   "source": [
    "def create_scene(banana_pose, desired_base_position, scenario_data: str, debug: bool = True):\n",
    "    # Clean up the Meshcat instance.\n",
    "    meshcat.Delete()\n",
    "    meshcat.DeleteAddedControls()\n",
    "\n",
    "    builder = DiagramBuilder()\n",
    "    scenario = load_scenario(data=scenario_data)\n",
    "    station = builder.AddSystem(\n",
    "        sponana.utils.MakeSponanaHardwareStation(\n",
    "            scenario, meshcat\n",
    "        )\n",
    "    )\n",
    "    ts = station.GetSubsystemByName(\"plant\").time_step()\n",
    "    print(f\"Time step: { ts } \")\n",
    "\n",
    "    spot_plant = station.GetSubsystemByName(\n",
    "        \"spot.controller\"\n",
    "    ).get_multibody_plant_for_control()\n",
    "    spot_controller = builder.AddSystem(\n",
    "        SpotController(spot_plant, meshcat=meshcat, use_teleop=False)\n",
    "    )\n",
    "    builder.Connect(\n",
    "        spot_controller.get_output_port(),\n",
    "        station.GetInputPort(\"spot.desired_state\"),\n",
    "    )\n",
    "\n",
    "    # Grasper\n",
    "    grasper = builder.AddNamedSystem(\"grasper\", Grasper(meshcat=meshcat))\n",
    "    builder.Connect(\n",
    "        grasper.GetOutputPort(\"arm_position\"),\n",
    "        spot_controller.GetInputPort(\"desired_arm_position\")\n",
    "    )\n",
    "    builder.Connect(\n",
    "        station.GetOutputPort(\"spot.state_estimated\"),\n",
    "        grasper.GetInputPort(\"spot_state\")\n",
    "    )\n",
    "    banana_pose_source = builder.AddNamedSystem(\"banana_pose_source\", ConstantValueSource(AbstractValue.Make(banana_pose)))\n",
    "    builder.Connect(\n",
    "        banana_pose_source.get_output_port(),\n",
    "        grasper.GetInputPort(\"banana_pose\")\n",
    "    )\n",
    "    time_zero_source = builder.AddNamedSystem(\"time_zero_source\", ConstantVectorSource(np.array([1.0])))\n",
    "    builder.Connect(\n",
    "        time_zero_source.get_output_port(),\n",
    "        grasper.GetInputPort(\"reset_time\")\n",
    "    )\n",
    "\n",
    "    base_position_source = builder.AddNamedSystem(\"base_position_source\", ConstantVectorSource(desired_base_position))\n",
    "    builder.Connect(\n",
    "        base_position_source.get_output_port(),\n",
    "        spot_controller.GetInputPort(\"desired_base_position\"),\n",
    "    )\n",
    "\n",
    "    # Get camera poses\n",
    "    spot_camera_config = scenario.cameras[\"spot_camera\"]\n",
    "    camera_pose_extractor = add_camera_pose_extractor(\n",
    "        spot_camera_config, station, builder\n",
    "    )\n",
    "\n",
    "    # Camera to Perception\n",
    "    spot_camera = station.GetSubsystemByName(\"rgbd_sensor_spot_camera\")\n",
    "    banana_spotter = builder.AddSystem(BananaSpotter(spot_camera))\n",
    "    banana_spotter.set_name(\"banana_spotter\")\n",
    "    builder.Connect(\n",
    "        station.GetOutputPort(\"spot_camera.rgb_image\"),\n",
    "        banana_spotter.get_color_image_input_port(),\n",
    "    )\n",
    "    builder.Connect(\n",
    "        station.GetOutputPort(\"spot_camera.depth_image\"),\n",
    "        banana_spotter.get_depth_image_input_port(),\n",
    "    )\n",
    "\n",
    "    # Banana pose (for debugging)\n",
    "    banana_pose_extractor = add_body_pose_extractor(\n",
    "        \"banana\", BODY_NAME, station, builder\n",
    "    )\n",
    "    # builder.Connect(\n",
    "    #     banana_pose_extractor.get_output_port(),\n",
    "    #     spot_controller.GetInputPort(\"desired_gripper_pose\"),\n",
    "    # )\n",
    "\n",
    "    if debug:\n",
    "        # Connect debugger\n",
    "        debugger = builder.AddNamedSystem(\n",
    "            \"debug_logger\", DebugLogger(spot_camera, meshcat)\n",
    "        )\n",
    "        builder.Connect(\n",
    "            station.GetOutputPort(\"spot_camera.rgb_image\"),\n",
    "            debugger.get_color_image_input_port(),\n",
    "        )\n",
    "        builder.Connect(\n",
    "            station.GetOutputPort(\"spot_camera.depth_image\"),\n",
    "            debugger.get_depth_image_input_port(),\n",
    "        )\n",
    "        builder.Connect(\n",
    "            camera_pose_extractor.get_output_port(),\n",
    "            debugger.get_camera_pose_input_port(),\n",
    "        )\n",
    "        builder.Connect(\n",
    "            station.GetOutputPort(\"spot.state_estimated\"),\n",
    "            debugger.get_spot_state_input_port(),\n",
    "        )\n",
    "        builder.Connect(\n",
    "            banana_pose_extractor.get_output_port(),\n",
    "            debugger.get_banana_pose_input_port(),\n",
    "        )\n",
    "\n",
    "    diagram = builder.Build()\n",
    "    diagram.set_name(\"everything\")  # the outmost diagram\n",
    "    return diagram"
   ]
  },
  {
   "cell_type": "code",
   "execution_count": 6,
   "metadata": {},
   "outputs": [],
   "source": [
    "# - add_model:\n",
    "#     name: banana\n",
    "#     file: package://sponana/banana/banana.sdf\n",
    "#     default_free_body_pose:\n",
    "#         banana:\n",
    "#             # move it in front of Spot \n",
    "#             translation: [1.45, 0, 0.45]\n",
    "\n",
    "# - add_model:\n",
    "#     name: banana\n",
    "#     file: package://manipulation/hydro/004_sugar_box.sdf\n",
    "#     default_free_body_pose:\n",
    "#         base_link_sugar:\n",
    "#             # move it in front of Spot \n",
    "#             translation: [1.45, 0, 0.45]\n",
    "\n",
    "scenario_data = \"\"\"\n",
    "cameras:\n",
    "    spot_camera:\n",
    "        name: spot_camera\n",
    "        depth: True\n",
    "        X_PB:\n",
    "            translation: [0, 0.05, 0]\n",
    "            base_frame: spot_camera::base\n",
    "            rotation: !Rpy { deg: [-90, 0, 0] }\n",
    "\n",
    "directives:\n",
    "- add_model:\n",
    "    name: spot\n",
    "    file: package://sponana/grasping/spot.urdf\n",
    "    default_joint_positions:\n",
    "        # fold the arm\n",
    "        arm_sh1: [-3.1]\n",
    "        arm_el0: [3.1]\n",
    "    \n",
    "- add_model:\n",
    "    name: banana\n",
    "    file: package://sponana/grasping/004_sugar_box.sdf\n",
    "    default_free_body_pose:\n",
    "        base_link_sugar:\n",
    "            # move it in front of Spot \n",
    "            translation: [1.45, 0, 0.45]\n",
    "            rotation: !Rpy { deg: [0, 90, 0] }\n",
    "\n",
    "- add_model:\n",
    "    name: floor\n",
    "    file: package://sponana/platform.sdf\n",
    "\n",
    "- add_weld:\n",
    "    parent: world\n",
    "    child: floor::platform_center\n",
    "\n",
    "- add_model:\n",
    "    name: spot_camera\n",
    "    file: package://manipulation/camera_box.sdf\n",
    "\n",
    "- add_weld:\n",
    "    parent: spot::body\n",
    "    child: spot_camera::base\n",
    "    X_PC:\n",
    "        translation: [0.4, 0, 0]\n",
    "        rotation: !Rpy { deg: [-30, 0, -90] }\n",
    "\n",
    "model_drivers:\n",
    "    spot: !InverseDynamicsDriver {}\n",
    "\"\"\""
   ]
  },
  {
   "cell_type": "code",
   "execution_count": 9,
   "metadata": {},
   "outputs": [
    {
     "name": "stderr",
     "output_type": "stream",
     "text": [
      "WARNING:drake:/Users/georgematheos/Developer/classes/2023/manipulation/sponana/src/sponana/models/grasping/spot.urdf:20: warning: Rigid geometries defined with the tag drake:rigid_hydroelastic should not contain the tag drake:hydroelastic_modulus. The specified value (100000000.0) will be ignored.\n",
      "WARNING:drake:/Users/georgematheos/Developer/classes/2023/manipulation/sponana/src/sponana/models/grasping/spot.urdf:112: warning: Rigid geometries defined with the tag drake:rigid_hydroelastic should not contain the tag drake:hydroelastic_modulus. The specified value (100000000.0) will be ignored.\n",
      "WARNING:drake:/Users/georgematheos/Developer/classes/2023/manipulation/sponana/src/sponana/models/grasping/spot.urdf:140: warning: Rigid geometries defined with the tag drake:rigid_hydroelastic should not contain the tag drake:hydroelastic_modulus. The specified value (100000000.0) will be ignored.\n",
      "WARNING:drake:/Users/georgematheos/Developer/classes/2023/manipulation/sponana/src/sponana/models/grasping/spot.urdf:197: warning: Rigid geometries defined with the tag drake:rigid_hydroelastic should not contain the tag drake:hydroelastic_modulus. The specified value (100000000.0) will be ignored.\n",
      "WARNING:drake:/Users/georgematheos/Developer/classes/2023/manipulation/sponana/src/sponana/models/grasping/spot.urdf:225: warning: Rigid geometries defined with the tag drake:rigid_hydroelastic should not contain the tag drake:hydroelastic_modulus. The specified value (100000000.0) will be ignored.\n",
      "WARNING:drake:/Users/georgematheos/Developer/classes/2023/manipulation/sponana/src/sponana/models/grasping/spot.urdf:282: warning: Rigid geometries defined with the tag drake:rigid_hydroelastic should not contain the tag drake:hydroelastic_modulus. The specified value (100000000.0) will be ignored.\n",
      "WARNING:drake:/Users/georgematheos/Developer/classes/2023/manipulation/sponana/src/sponana/models/grasping/spot.urdf:310: warning: Rigid geometries defined with the tag drake:rigid_hydroelastic should not contain the tag drake:hydroelastic_modulus. The specified value (100000000.0) will be ignored.\n",
      "WARNING:drake:/Users/georgematheos/Developer/classes/2023/manipulation/sponana/src/sponana/models/grasping/spot.urdf:367: warning: Rigid geometries defined with the tag drake:rigid_hydroelastic should not contain the tag drake:hydroelastic_modulus. The specified value (100000000.0) will be ignored.\n",
      "WARNING:drake:/Users/georgematheos/Developer/classes/2023/manipulation/sponana/src/sponana/models/grasping/spot.urdf:395: warning: Rigid geometries defined with the tag drake:rigid_hydroelastic should not contain the tag drake:hydroelastic_modulus. The specified value (100000000.0) will be ignored.\n",
      "WARNING:drake:/Users/georgematheos/Developer/classes/2023/manipulation/sponana/src/sponana/models/grasping/spot.urdf:441: warning: Rigid geometries defined with the tag drake:rigid_hydroelastic should not contain the tag drake:hydroelastic_modulus. The specified value (100000000.0) will be ignored.\n",
      "WARNING:drake:/Users/georgematheos/Developer/classes/2023/manipulation/sponana/src/sponana/models/grasping/spot.urdf:450: warning: Rigid geometries defined with the tag drake:rigid_hydroelastic should not contain the tag drake:hydroelastic_modulus. The specified value (100000000.0) will be ignored.\n",
      "WARNING:drake:/Users/georgematheos/Developer/classes/2023/manipulation/sponana/src/sponana/models/grasping/spot.urdf:459: warning: Rigid geometries defined with the tag drake:rigid_hydroelastic should not contain the tag drake:hydroelastic_modulus. The specified value (100000000.0) will be ignored.\n",
      "WARNING:drake:/Users/georgematheos/Developer/classes/2023/manipulation/sponana/src/sponana/models/grasping/spot.urdf:516: warning: Rigid geometries defined with the tag drake:rigid_hydroelastic should not contain the tag drake:hydroelastic_modulus. The specified value (100000000.0) will be ignored.\n",
      "WARNING:drake:/Users/georgematheos/Developer/classes/2023/manipulation/sponana/src/sponana/models/grasping/spot.urdf:548: warning: Rigid geometries defined with the tag drake:rigid_hydroelastic should not contain the tag drake:hydroelastic_modulus. The specified value (100000000.0) will be ignored.\n",
      "WARNING:drake:/Users/georgematheos/Developer/classes/2023/manipulation/sponana/src/sponana/models/grasping/spot.urdf:580: warning: Rigid geometries defined with the tag drake:rigid_hydroelastic should not contain the tag drake:hydroelastic_modulus. The specified value (100000000.0) will be ignored.\n",
      "WARNING:drake:/Users/georgematheos/Developer/classes/2023/manipulation/sponana/src/sponana/models/grasping/spot.urdf:589: warning: Rigid geometries defined with the tag drake:rigid_hydroelastic should not contain the tag drake:hydroelastic_modulus. The specified value (100000000.0) will be ignored.\n",
      "WARNING:drake:/Users/georgematheos/Developer/classes/2023/manipulation/sponana/src/sponana/models/grasping/spot.urdf:621: warning: Rigid geometries defined with the tag drake:rigid_hydroelastic should not contain the tag drake:hydroelastic_modulus. The specified value (100000000.0) will be ignored.\n",
      "WARNING:drake:/Users/georgematheos/Developer/classes/2023/manipulation/sponana/src/sponana/models/grasping/spot.urdf:662: warning: Rigid geometries defined with the tag drake:rigid_hydroelastic should not contain the tag drake:hydroelastic_modulus. The specified value (100000000.0) will be ignored.\n",
      "WARNING:drake:/Users/georgematheos/Developer/classes/2023/manipulation/sponana/src/sponana/models/grasping/spot.urdf:671: warning: Rigid geometries defined with the tag drake:rigid_hydroelastic should not contain the tag drake:hydroelastic_modulus. The specified value (100000000.0) will be ignored.\n",
      "WARNING:drake:/Users/georgematheos/Developer/classes/2023/manipulation/sponana/src/sponana/models/grasping/spot.urdf:680: warning: Rigid geometries defined with the tag drake:rigid_hydroelastic should not contain the tag drake:hydroelastic_modulus. The specified value (100000000.0) will be ignored.\n",
      "WARNING:drake:/Users/georgematheos/Developer/classes/2023/manipulation/sponana/src/sponana/models/grasping/spot.urdf:689: warning: Rigid geometries defined with the tag drake:rigid_hydroelastic should not contain the tag drake:hydroelastic_modulus. The specified value (100000000.0) will be ignored.\n",
      "WARNING:drake:/Users/georgematheos/Developer/classes/2023/manipulation/sponana/src/sponana/models/grasping/spot.urdf:730: warning: Rigid geometries defined with the tag drake:rigid_hydroelastic should not contain the tag drake:hydroelastic_modulus. The specified value (100000000.0) will be ignored.\n",
      "WARNING:drake:/Users/georgematheos/Developer/classes/2023/manipulation/sponana/src/sponana/models/grasping/spot.urdf:739: warning: Rigid geometries defined with the tag drake:rigid_hydroelastic should not contain the tag drake:hydroelastic_modulus. The specified value (100000000.0) will be ignored.\n",
      "WARNING:drake:/Users/georgematheos/Developer/classes/2023/manipulation/sponana/src/sponana/models/grasping/spot.urdf:748: warning: Rigid geometries defined with the tag drake:rigid_hydroelastic should not contain the tag drake:hydroelastic_modulus. The specified value (100000000.0) will be ignored.\n",
      "WARNING:drake:/Users/georgematheos/Developer/classes/2023/manipulation/sponana/src/sponana/models/grasping/spot.urdf:757: warning: Rigid geometries defined with the tag drake:rigid_hydroelastic should not contain the tag drake:hydroelastic_modulus. The specified value (100000000.0) will be ignored.\n",
      "WARNING:drake:/Users/georgematheos/Developer/classes/2023/manipulation/sponana/src/sponana/models/grasping/spot.urdf:766: warning: Rigid geometries defined with the tag drake:rigid_hydroelastic should not contain the tag drake:hydroelastic_modulus. The specified value (100000000.0) will be ignored.\n",
      "WARNING:drake:/Users/georgematheos/Developer/classes/2023/manipulation/sponana/src/sponana/models/grasping/spot.urdf:775: warning: Rigid geometries defined with the tag drake:rigid_hydroelastic should not contain the tag drake:hydroelastic_modulus. The specified value (100000000.0) will be ignored.\n",
      "WARNING:drake:Ignoring Meshcat http request for /spot_mat.png\n"
     ]
    },
    {
     "name": "stdout",
     "output_type": "stream",
     "text": [
      "Time step: 0.001 \n",
      "Press Space to log system info\n",
      "Re-initializing\n",
      "sampling grasps...\n"
     ]
    },
    {
     "name": "stderr",
     "output_type": "stream",
     "text": [
      "WARNING:drake:Ignoring Meshcat http request for /spot_mat.png\n",
      "WARNING:drake:/Users/georgematheos/Developer/classes/2023/manipulation/sponana/src/sponana/models/grasping/spot.urdf:20: warning: Rigid geometries defined with the tag drake:rigid_hydroelastic should not contain the tag drake:hydroelastic_modulus. The specified value (100000000.0) will be ignored.\n",
      "WARNING:drake:/Users/georgematheos/Developer/classes/2023/manipulation/sponana/src/sponana/models/grasping/spot.urdf:112: warning: Rigid geometries defined with the tag drake:rigid_hydroelastic should not contain the tag drake:hydroelastic_modulus. The specified value (100000000.0) will be ignored.\n",
      "WARNING:drake:/Users/georgematheos/Developer/classes/2023/manipulation/sponana/src/sponana/models/grasping/spot.urdf:140: warning: Rigid geometries defined with the tag drake:rigid_hydroelastic should not contain the tag drake:hydroelastic_modulus. The specified value (100000000.0) will be ignored.\n",
      "WARNING:drake:/Users/georgematheos/Developer/classes/2023/manipulation/sponana/src/sponana/models/grasping/spot.urdf:197: warning: Rigid geometries defined with the tag drake:rigid_hydroelastic should not contain the tag drake:hydroelastic_modulus. The specified value (100000000.0) will be ignored.\n",
      "WARNING:drake:/Users/georgematheos/Developer/classes/2023/manipulation/sponana/src/sponana/models/grasping/spot.urdf:225: warning: Rigid geometries defined with the tag drake:rigid_hydroelastic should not contain the tag drake:hydroelastic_modulus. The specified value (100000000.0) will be ignored.\n",
      "WARNING:drake:/Users/georgematheos/Developer/classes/2023/manipulation/sponana/src/sponana/models/grasping/spot.urdf:282: warning: Rigid geometries defined with the tag drake:rigid_hydroelastic should not contain the tag drake:hydroelastic_modulus. The specified value (100000000.0) will be ignored.\n",
      "WARNING:drake:/Users/georgematheos/Developer/classes/2023/manipulation/sponana/src/sponana/models/grasping/spot.urdf:310: warning: Rigid geometries defined with the tag drake:rigid_hydroelastic should not contain the tag drake:hydroelastic_modulus. The specified value (100000000.0) will be ignored.\n",
      "WARNING:drake:/Users/georgematheos/Developer/classes/2023/manipulation/sponana/src/sponana/models/grasping/spot.urdf:367: warning: Rigid geometries defined with the tag drake:rigid_hydroelastic should not contain the tag drake:hydroelastic_modulus. The specified value (100000000.0) will be ignored.\n",
      "WARNING:drake:/Users/georgematheos/Developer/classes/2023/manipulation/sponana/src/sponana/models/grasping/spot.urdf:395: warning: Rigid geometries defined with the tag drake:rigid_hydroelastic should not contain the tag drake:hydroelastic_modulus. The specified value (100000000.0) will be ignored.\n",
      "WARNING:drake:/Users/georgematheos/Developer/classes/2023/manipulation/sponana/src/sponana/models/grasping/spot.urdf:441: warning: Rigid geometries defined with the tag drake:rigid_hydroelastic should not contain the tag drake:hydroelastic_modulus. The specified value (100000000.0) will be ignored.\n",
      "WARNING:drake:/Users/georgematheos/Developer/classes/2023/manipulation/sponana/src/sponana/models/grasping/spot.urdf:450: warning: Rigid geometries defined with the tag drake:rigid_hydroelastic should not contain the tag drake:hydroelastic_modulus. The specified value (100000000.0) will be ignored.\n",
      "WARNING:drake:/Users/georgematheos/Developer/classes/2023/manipulation/sponana/src/sponana/models/grasping/spot.urdf:459: warning: Rigid geometries defined with the tag drake:rigid_hydroelastic should not contain the tag drake:hydroelastic_modulus. The specified value (100000000.0) will be ignored.\n",
      "WARNING:drake:/Users/georgematheos/Developer/classes/2023/manipulation/sponana/src/sponana/models/grasping/spot.urdf:516: warning: Rigid geometries defined with the tag drake:rigid_hydroelastic should not contain the tag drake:hydroelastic_modulus. The specified value (100000000.0) will be ignored.\n",
      "WARNING:drake:/Users/georgematheos/Developer/classes/2023/manipulation/sponana/src/sponana/models/grasping/spot.urdf:548: warning: Rigid geometries defined with the tag drake:rigid_hydroelastic should not contain the tag drake:hydroelastic_modulus. The specified value (100000000.0) will be ignored.\n",
      "WARNING:drake:/Users/georgematheos/Developer/classes/2023/manipulation/sponana/src/sponana/models/grasping/spot.urdf:580: warning: Rigid geometries defined with the tag drake:rigid_hydroelastic should not contain the tag drake:hydroelastic_modulus. The specified value (100000000.0) will be ignored.\n",
      "WARNING:drake:/Users/georgematheos/Developer/classes/2023/manipulation/sponana/src/sponana/models/grasping/spot.urdf:589: warning: Rigid geometries defined with the tag drake:rigid_hydroelastic should not contain the tag drake:hydroelastic_modulus. The specified value (100000000.0) will be ignored.\n",
      "WARNING:drake:/Users/georgematheos/Developer/classes/2023/manipulation/sponana/src/sponana/models/grasping/spot.urdf:621: warning: Rigid geometries defined with the tag drake:rigid_hydroelastic should not contain the tag drake:hydroelastic_modulus. The specified value (100000000.0) will be ignored.\n",
      "WARNING:drake:/Users/georgematheos/Developer/classes/2023/manipulation/sponana/src/sponana/models/grasping/spot.urdf:662: warning: Rigid geometries defined with the tag drake:rigid_hydroelastic should not contain the tag drake:hydroelastic_modulus. The specified value (100000000.0) will be ignored.\n",
      "WARNING:drake:/Users/georgematheos/Developer/classes/2023/manipulation/sponana/src/sponana/models/grasping/spot.urdf:671: warning: Rigid geometries defined with the tag drake:rigid_hydroelastic should not contain the tag drake:hydroelastic_modulus. The specified value (100000000.0) will be ignored.\n",
      "WARNING:drake:Ignoring Meshcat http request for /spot_mat.png\n",
      "WARNING:drake:/Users/georgematheos/Developer/classes/2023/manipulation/sponana/src/sponana/models/grasping/spot.urdf:680: warning: Rigid geometries defined with the tag drake:rigid_hydroelastic should not contain the tag drake:hydroelastic_modulus. The specified value (100000000.0) will be ignored.\n",
      "WARNING:drake:/Users/georgematheos/Developer/classes/2023/manipulation/sponana/src/sponana/models/grasping/spot.urdf:689: warning: Rigid geometries defined with the tag drake:rigid_hydroelastic should not contain the tag drake:hydroelastic_modulus. The specified value (100000000.0) will be ignored.\n",
      "WARNING:drake:/Users/georgematheos/Developer/classes/2023/manipulation/sponana/src/sponana/models/grasping/spot.urdf:730: warning: Rigid geometries defined with the tag drake:rigid_hydroelastic should not contain the tag drake:hydroelastic_modulus. The specified value (100000000.0) will be ignored.\n",
      "WARNING:drake:/Users/georgematheos/Developer/classes/2023/manipulation/sponana/src/sponana/models/grasping/spot.urdf:739: warning: Rigid geometries defined with the tag drake:rigid_hydroelastic should not contain the tag drake:hydroelastic_modulus. The specified value (100000000.0) will be ignored.\n",
      "WARNING:drake:/Users/georgematheos/Developer/classes/2023/manipulation/sponana/src/sponana/models/grasping/spot.urdf:748: warning: Rigid geometries defined with the tag drake:rigid_hydroelastic should not contain the tag drake:hydroelastic_modulus. The specified value (100000000.0) will be ignored.\n",
      "WARNING:drake:/Users/georgematheos/Developer/classes/2023/manipulation/sponana/src/sponana/models/grasping/spot.urdf:757: warning: Rigid geometries defined with the tag drake:rigid_hydroelastic should not contain the tag drake:hydroelastic_modulus. The specified value (100000000.0) will be ignored.\n",
      "WARNING:drake:/Users/georgematheos/Developer/classes/2023/manipulation/sponana/src/sponana/models/grasping/spot.urdf:766: warning: Rigid geometries defined with the tag drake:rigid_hydroelastic should not contain the tag drake:hydroelastic_modulus. The specified value (100000000.0) will be ignored.\n",
      "WARNING:drake:/Users/georgematheos/Developer/classes/2023/manipulation/sponana/src/sponana/models/grasping/spot.urdf:775: warning: Rigid geometries defined with the tag drake:rigid_hydroelastic should not contain the tag drake:hydroelastic_modulus. The specified value (100000000.0) will be ignored.\n"
     ]
    },
    {
     "name": "stdout",
     "output_type": "stream",
     "text": [
      "pointcloud transform: RigidTransform(\n",
      "  R=RotationMatrix([\n",
      "    [0.9999107308839879, 0.009389862951888045, 0.009505826465590237],\n",
      "    [-0.008962400073846544, 0.9989889507438625, -0.0440539632336637],\n",
      "    [-0.009909876284064848, 0.04396483555549183, 0.9989839275917372],\n",
      "  ]),\n",
      "  p=[1.4498836082822446, -0.0005091282959336326, 0.011183177445165213],\n",
      ")\n",
      "-0.25102622651604634\n",
      "{'initial': RigidTransform(\n",
      "  R=RotationMatrix([\n",
      "    [-0.12099248554456161, 0.9926534230926538, 8.011632546188707e-06],\n",
      "    [-0.9926534231208596, -0.12099248556338493, 1.9062678247570728e-06],\n",
      "    [2.861610616759852e-06, -7.72213038952484e-06, 0.9999999999660901],\n",
      "  ]),\n",
      "  p=[1.0761653308737622, -0.033797988391447584, 0.797076719867911],\n",
      "), 'post_init': RigidTransform(\n",
      "  R=RotationMatrix([\n",
      "    [-0.12099248554456161, 0.9926534230926538, 8.011632546188707e-06],\n",
      "    [-0.9926534231208596, -0.12099248556338493, 1.9062678247570728e-06],\n",
      "    [2.861610616759852e-06, -7.72213038952484e-06, 0.9999999999660901],\n",
      "  ]),\n",
      "  p=[1.1754322755095368, -0.045896855694221125, 0.99707594764809],\n",
      "), 'prepick': RigidTransform(\n",
      "  R=RotationMatrix([\n",
      "    [0.22435762675326992, -0.036719635644914594, 0.9738148302812732],\n",
      "    [-0.8954784130201989, 0.386432466634057, 0.22088087410625745],\n",
      "    [-0.38442433212853006, -0.9215864675054767, 0.05381743006044115],\n",
      "  ]),\n",
      "  p=[1.4469109294727778, -0.13223132428199602, 0.39702895094970536],\n",
      "), 'pick': RigidTransform(\n",
      "  R=RotationMatrix([\n",
      "    [0.22435762675326992, -0.036719635644914594, 0.9738148302812732],\n",
      "    [-0.8954784130201989, 0.386432466634057, 0.22088087410625745],\n",
      "    [-0.38442433212853006, -0.9215864675054767, 0.05381743006044115],\n",
      "  ]),\n",
      "  p=[1.4439733586211847, -0.10131672695127147, 0.3233020335492672],\n",
      "), 'postpick': RigidTransform(\n",
      "  R=RotationMatrix([\n",
      "    [0.22435762675326992, -0.036719635644914594, 0.9738148302812732],\n",
      "    [-0.8954784130201989, 0.386432466634057, 0.22088087410625745],\n",
      "    [-0.38442433212853006, -0.9215864675054767, 0.05381743006044115],\n",
      "  ]),\n",
      "  p=[1.4439733586211847, -0.10131672695127147, 0.3233020335492672],\n",
      "), 'postpick2': RigidTransform(\n",
      "  R=RotationMatrix([\n",
      "    [0.22435762675326992, -0.036719635644914594, 0.9738148302812732],\n",
      "    [-0.8954784130201989, 0.386432466634057, 0.22088087410625745],\n",
      "    [-0.38442433212853006, -0.9215864675054767, 0.05381743006044115],\n",
      "  ]),\n",
      "  p=[1.452418874819515, -0.1901961942771046, 0.5352669210755269],\n",
      ")}\n",
      "{'initial': 0.0, 'post_init': 1.0, 'prepick': 3.0, 'pick': 4.0, 'postpick': 6.0, 'postpick2': 8.0}\n",
      "X_WGnow =  RigidTransform(\n",
      "  R=RotationMatrix([\n",
      "    [0.22435762675326976, -0.03671963564491448, 0.9738148302812735],\n",
      "    [-0.8954784130201991, 0.38643246663405695, 0.2208808741062575],\n",
      "    [-0.3844243321285303, -0.9215864675054768, 0.05381743006044104],\n",
      "  ]),\n",
      "  p=[1.4439733586211847, -0.10131672695127147, 0.3233020335492672],\n",
      ")\n",
      "X_WG at pick time =  RigidTransform(\n",
      "  R=RotationMatrix([\n",
      "    [0.22435762675326976, -0.03671963564491448, 0.9738148302812735],\n",
      "    [-0.8954784130201991, 0.38643246663405695, 0.2208808741062575],\n",
      "    [-0.3844243321285303, -0.9215864675054768, 0.05381743006044104],\n",
      "  ]),\n",
      "  p=[1.4439733586211847, -0.10131672695127147, 0.3233020335492672],\n",
      ")\n",
      "X_WGnow =  RigidTransform(\n",
      "  R=RotationMatrix([\n",
      "    [0.22435762675326976, -0.03671963564491448, 0.9738148302812735],\n",
      "    [-0.8954784130201991, 0.38643246663405695, 0.2208808741062575],\n",
      "    [-0.3844243321285303, -0.9215864675054768, 0.05381743006044104],\n",
      "  ]),\n",
      "  p=[1.4439733586211847, -0.10131672695127147, 0.3233020335492672],\n",
      ")\n",
      "X_WG at pick time =  RigidTransform(\n",
      "  R=RotationMatrix([\n",
      "    [0.22435762675326976, -0.03671963564491448, 0.9738148302812735],\n",
      "    [-0.8954784130201991, 0.38643246663405695, 0.2208808741062575],\n",
      "    [-0.3844243321285303, -0.9215864675054768, 0.05381743006044104],\n",
      "  ]),\n",
      "  p=[1.4439733586211847, -0.10131672695127147, 0.3233020335492672],\n",
      ")\n",
      "X_WGnow =  RigidTransform(\n",
      "  R=RotationMatrix([\n",
      "    [0.22435762675326976, -0.03671963564491448, 0.9738148302812735],\n",
      "    [-0.8954784130201991, 0.38643246663405695, 0.2208808741062575],\n",
      "    [-0.3844243321285303, -0.9215864675054768, 0.05381743006044104],\n",
      "  ]),\n",
      "  p=[1.4439733586211847, -0.10131672695127147, 0.3233020335492672],\n",
      ")\n",
      "X_WG at pick time =  RigidTransform(\n",
      "  R=RotationMatrix([\n",
      "    [0.22435762675326976, -0.03671963564491448, 0.9738148302812735],\n",
      "    [-0.8954784130201991, 0.38643246663405695, 0.2208808741062575],\n",
      "    [-0.3844243321285303, -0.9215864675054768, 0.05381743006044104],\n",
      "  ]),\n",
      "  p=[1.4439733586211847, -0.10131672695127147, 0.3233020335492672],\n",
      ")\n",
      "X_WGnow =  RigidTransform(\n",
      "  R=RotationMatrix([\n",
      "    [0.22435762675326976, -0.03671963564491448, 0.9738148302812735],\n",
      "    [-0.8954784130201991, 0.38643246663405695, 0.2208808741062575],\n",
      "    [-0.3844243321285303, -0.9215864675054768, 0.05381743006044104],\n",
      "  ]),\n",
      "  p=[1.4439733586211847, -0.10131672695127147, 0.3233020335492672],\n",
      ")\n",
      "X_WG at pick time =  RigidTransform(\n",
      "  R=RotationMatrix([\n",
      "    [0.22435762675326976, -0.03671963564491448, 0.9738148302812735],\n",
      "    [-0.8954784130201991, 0.38643246663405695, 0.2208808741062575],\n",
      "    [-0.3844243321285303, -0.9215864675054768, 0.05381743006044104],\n",
      "  ]),\n",
      "  p=[1.4439733586211847, -0.10131672695127147, 0.3233020335492672],\n",
      ")\n",
      "X_WGnow =  RigidTransform(\n",
      "  R=RotationMatrix([\n",
      "    [0.22435762675326976, -0.03671963564491448, 0.9738148302812735],\n",
      "    [-0.8954784130201991, 0.38643246663405695, 0.2208808741062575],\n",
      "    [-0.3844243321285303, -0.9215864675054768, 0.05381743006044104],\n",
      "  ]),\n",
      "  p=[1.4439733586211847, -0.10131672695127147, 0.3233020335492672],\n",
      ")\n",
      "X_WG at pick time =  RigidTransform(\n",
      "  R=RotationMatrix([\n",
      "    [0.22435762675326976, -0.03671963564491448, 0.9738148302812735],\n",
      "    [-0.8954784130201991, 0.38643246663405695, 0.2208808741062575],\n",
      "    [-0.3844243321285303, -0.9215864675054768, 0.05381743006044104],\n",
      "  ]),\n",
      "  p=[1.4439733586211847, -0.10131672695127147, 0.3233020335492672],\n",
      ")\n",
      "X_WGnow =  RigidTransform(\n",
      "  R=RotationMatrix([\n",
      "    [0.22435762675326976, -0.03671963564491448, 0.9738148302812735],\n",
      "    [-0.8954784130201991, 0.38643246663405695, 0.2208808741062575],\n",
      "    [-0.3844243321285303, -0.9215864675054768, 0.05381743006044104],\n",
      "  ]),\n",
      "  p=[1.4439733586211847, -0.10131672695127147, 0.3233020335492672],\n",
      ")\n",
      "X_WG at pick time =  RigidTransform(\n",
      "  R=RotationMatrix([\n",
      "    [0.22435762675326976, -0.03671963564491448, 0.9738148302812735],\n",
      "    [-0.8954784130201991, 0.38643246663405695, 0.2208808741062575],\n",
      "    [-0.3844243321285303, -0.9215864675054768, 0.05381743006044104],\n",
      "  ]),\n",
      "  p=[1.4439733586211847, -0.10131672695127147, 0.3233020335492672],\n",
      ")\n",
      "X_WGnow =  RigidTransform(\n",
      "  R=RotationMatrix([\n",
      "    [0.22435762675326976, -0.03671963564491448, 0.9738148302812735],\n",
      "    [-0.8954784130201991, 0.38643246663405695, 0.2208808741062575],\n",
      "    [-0.3844243321285303, -0.9215864675054768, 0.05381743006044104],\n",
      "  ]),\n",
      "  p=[1.4439733586211847, -0.10131672695127147, 0.3233020335492672],\n",
      ")\n",
      "X_WG at pick time =  RigidTransform(\n",
      "  R=RotationMatrix([\n",
      "    [0.22435762675326976, -0.03671963564491448, 0.9738148302812735],\n",
      "    [-0.8954784130201991, 0.38643246663405695, 0.2208808741062575],\n",
      "    [-0.3844243321285303, -0.9215864675054768, 0.05381743006044104],\n",
      "  ]),\n",
      "  p=[1.4439733586211847, -0.10131672695127147, 0.3233020335492672],\n",
      ")\n",
      "X_WGnow =  RigidTransform(\n",
      "  R=RotationMatrix([\n",
      "    [0.22435762675326976, -0.03671963564491448, 0.9738148302812735],\n",
      "    [-0.8954784130201991, 0.38643246663405695, 0.2208808741062575],\n",
      "    [-0.3844243321285303, -0.9215864675054768, 0.05381743006044104],\n",
      "  ]),\n",
      "  p=[1.4439733586211847, -0.10131672695127147, 0.3233020335492672],\n",
      ")\n",
      "X_WG at pick time =  RigidTransform(\n",
      "  R=RotationMatrix([\n",
      "    [0.22435762675326976, -0.03671963564491448, 0.9738148302812735],\n",
      "    [-0.8954784130201991, 0.38643246663405695, 0.2208808741062575],\n",
      "    [-0.3844243321285303, -0.9215864675054768, 0.05381743006044104],\n",
      "  ]),\n",
      "  p=[1.4439733586211847, -0.10131672695127147, 0.3233020335492672],\n",
      ")\n",
      "X_WGnow =  RigidTransform(\n",
      "  R=RotationMatrix([\n",
      "    [0.22435762675326976, -0.03671963564491448, 0.9738148302812735],\n",
      "    [-0.8954784130201991, 0.38643246663405695, 0.2208808741062575],\n",
      "    [-0.3844243321285303, -0.9215864675054768, 0.05381743006044104],\n",
      "  ]),\n",
      "  p=[1.4439733586211847, -0.10131672695127147, 0.3233020335492672],\n",
      ")\n",
      "X_WG at pick time =  RigidTransform(\n",
      "  R=RotationMatrix([\n",
      "    [0.22435762675326976, -0.03671963564491448, 0.9738148302812735],\n",
      "    [-0.8954784130201991, 0.38643246663405695, 0.2208808741062575],\n",
      "    [-0.3844243321285303, -0.9215864675054768, 0.05381743006044104],\n",
      "  ]),\n",
      "  p=[1.4439733586211847, -0.10131672695127147, 0.3233020335492672],\n",
      ")\n",
      "X_WGnow =  RigidTransform(\n",
      "  R=RotationMatrix([\n",
      "    [0.22435762675326976, -0.03671963564491448, 0.9738148302812735],\n",
      "    [-0.8954784130201991, 0.38643246663405695, 0.2208808741062575],\n",
      "    [-0.3844243321285303, -0.9215864675054768, 0.05381743006044104],\n",
      "  ]),\n",
      "  p=[1.4439733586211847, -0.10131672695127147, 0.3233020335492672],\n",
      ")\n",
      "X_WG at pick time =  RigidTransform(\n",
      "  R=RotationMatrix([\n",
      "    [0.22435762675326976, -0.03671963564491448, 0.9738148302812735],\n",
      "    [-0.8954784130201991, 0.38643246663405695, 0.2208808741062575],\n",
      "    [-0.3844243321285303, -0.9215864675054768, 0.05381743006044104],\n",
      "  ]),\n",
      "  p=[1.4439733586211847, -0.10131672695127147, 0.3233020335492672],\n",
      ")\n",
      "X_WGnow =  RigidTransform(\n",
      "  R=RotationMatrix([\n",
      "    [0.22435762675326976, -0.03671963564491448, 0.9738148302812735],\n",
      "    [-0.8954784130201991, 0.38643246663405695, 0.2208808741062575],\n",
      "    [-0.3844243321285303, -0.9215864675054768, 0.05381743006044104],\n",
      "  ]),\n",
      "  p=[1.4439733586211847, -0.10131672695127147, 0.3233020335492672],\n",
      ")\n",
      "X_WG at pick time =  RigidTransform(\n",
      "  R=RotationMatrix([\n",
      "    [0.22435762675326976, -0.03671963564491448, 0.9738148302812735],\n",
      "    [-0.8954784130201991, 0.38643246663405695, 0.2208808741062575],\n",
      "    [-0.3844243321285303, -0.9215864675054768, 0.05381743006044104],\n",
      "  ]),\n",
      "  p=[1.4439733586211847, -0.10131672695127147, 0.3233020335492672],\n",
      ")\n",
      "X_WGnow =  RigidTransform(\n",
      "  R=RotationMatrix([\n",
      "    [0.22435762675326976, -0.03671963564491448, 0.9738148302812735],\n",
      "    [-0.8954784130201991, 0.38643246663405695, 0.2208808741062575],\n",
      "    [-0.3844243321285303, -0.9215864675054768, 0.05381743006044104],\n",
      "  ]),\n",
      "  p=[1.4439733586211847, -0.10131672695127147, 0.3233020335492672],\n",
      ")\n",
      "X_WG at pick time =  RigidTransform(\n",
      "  R=RotationMatrix([\n",
      "    [0.22435762675326976, -0.03671963564491448, 0.9738148302812735],\n",
      "    [-0.8954784130201991, 0.38643246663405695, 0.2208808741062575],\n",
      "    [-0.3844243321285303, -0.9215864675054768, 0.05381743006044104],\n",
      "  ]),\n",
      "  p=[1.4439733586211847, -0.10131672695127147, 0.3233020335492672],\n",
      ")\n",
      "X_WGnow =  RigidTransform(\n",
      "  R=RotationMatrix([\n",
      "    [0.22435762675326976, -0.03671963564491448, 0.9738148302812735],\n",
